10 30
13 11 6 3 13 12 8 9 12 10 
13 7 5 4 13 8 15 13 15 8 
10 5 4 5 8 3 10 9 9 4 
14 8 4 3 8 10 8 11 11 12 
22 10 7 6 17 14 15 15 18 12 
7 3 5 4 7 5 4 8 5 11 
11 6 2 4 7 6 8 8 9 6 
18 6 4 6 15 12 13 11 14 11 
10 8 7 2 9 12 4 7 11 14 
14 8 5 3 12 9 14 13 16 7 
14 13 10 8 10 5 13 14 19 10 
11 3 5 6 9 6 7 8 7 9 
19 9 7 8 13 12 11 12 14 13 
9 10 9 7 10 6 6 11 13 11 
8 3 3 5 5 2 5 6 5 6 
13 7 5 4 14 12 12 12 14 13 
23 9 7 9 17 13 15 15 18 13 
15 9 5 4 14 10 11 12 13 7 
9 10 6 4 9 8 5 8 9 12 
17 9 6 9 18 8 16 15 15 10 
16 12 9 6 14 11 12 13 18 8 
12 10 6 6 10 8 6 13 13 9 
8 7 7 3 8 8 4 9 11 13 
8 5 6 3 8 7 4 8 9 11 
8 8 8 7 6 4 4 9 11 10 
16 9 5 6 16 8 13 16 13 9 
11 6 4 2 7 9 8 5 10 9 
11 12 9 6 10 6 9 11 12 14 
10 10 9 6 11 6 13 11 14 10 
10 6 2 2 11 11 7 10 9 10 

5 30
13 12 10 7 14 
16 14 8 5 10 
9 8 8 5 8 
12 8 8 8 12 
17 18 14 9 22 
8 11 10 6 8 
9 5 6 6 8 
13 16 10 7 16 
10 12 8 4 12 
16 12 8 5 12 
16 12 10 4 14 
7 11 12 7 10 
12 12 16 11 16 
14 12 14 6 12 
5 7 6 4 8 
16 15 10 7 10 
16 18 16 10 22 
15 13 12 8 16 
11 10 8 6 10 
18 19 14 9 16 
16 12 16 8 16 
16 8 16 10 14 
12 13 8 3 12 
10 13 8 3 12 
10 8 12 5 10 
19 17 14 10 18 
6 8 2 2 8 
13 14 8 5 12 
13 12 10 5 6 
14 9 10 9 8 
