20 10
20 10 7 8 15 6 9 12 12 3 9 12 15 7 8 14 13 10 10 16 
28 11 12 15 16 8 10 10 15 5 12 12 20 13 10 19 16 11 17 16 
20 8 10 8 13 3 6 8 14 4 10 10 15 8 9 13 15 9 13 14 
16 11 9 6 13 9 12 13 10 6 6 9 18 8 6 12 11 12 8 15 
12 14 7 7 13 7 7 12 9 5 7 8 13 7 2 11 4 6 10 8 
20 12 14 11 14 6 5 12 13 8 12 14 14 9 9 14 13 8 13 11 
10 2 7 3 5 3 3 3 5 2 2 6 5 4 3 3 7 3 6 8 
22 10 10 14 12 8 9 11 7 6 8 13 13 11 7 14 11 8 11 13 
22 8 10 15 14 10 6 11 8 2 8 15 11 12 10 14 12 6 10 14 
16 6 12 7 6 6 6 7 5 8 5 11 7 5 3 6 8 5 8 8 

5 10
16 10 14 15 7 
19 13 10 19 14 
14 8 12 15 8 
18 12 12 18 10 
12 8 8 12 4 
14 11 14 16 6 
4 3 3 10 2 
15 13 9 16 8 
11 12 9 14 6 
9 8 6 15 4 
