10 20
10 9 6 2 4 6 6 7 7 6 
6 3 4 2 1 6 4 8 4 5 
6 4 4 10 4 2 8 8 6 4 
1 2 1 0 1 1 1 1 2 0 
11 10 4 6 7 2 11 5 11 5 
13 10 8 5 6 7 10 10 11 8 
12 10 8 8 7 4 10 8 10 7 
12 11 4 6 6 6 12 10 12 6 
12 7 6 8 6 2 10 6 8 8 
9 6 4 6 4 2 7 5 5 6 
9 9 6 8 5 6 9 11 9 5 
6 7 4 4 3 6 6 9 7 3 
8 4 8 7 3 5 5 9 4 7 
5 4 1 2 3 3 7 5 8 2 
10 8 8 7 6 5 9 9 10 6 
7 6 4 4 5 4 9 7 11 3 
8 4 6 7 4 3 7 7 6 6 
6 5 0 5 3 1 7 4 5 3 
4 6 2 2 3 2 4 3 5 1 
5 4 3 1 2 4 4 5 5 3 

4 20
8 10 4 4 
9 5 4 5 
10 4 8 8 
1 2 0 0 
8 9 5 6 
13 12 6 8 
11 11 7 8 
12 10 7 7 
10 8 7 9 
7 6 6 6 
12 9 8 7 
9 7 5 4 
11 7 7 8 
7 4 2 4 
12 10 6 8 
10 7 3 6 
10 6 6 8 
5 3 5 4 
3 5 2 1 
6 5 2 3 
